size(800,600);

fill(61,142,252);
ellipse(400,290,540,500);
fill(255,255,255);
ellipse(400,340,470,400);
ellipse(340,155,120,200);
ellipse(460,155,120,200);
fill(255,0,0);
ellipse(400,253,60,60);
line(400,284,400,410);
line(530,410,270,410);
line(270,410,240,390);
line(240,390,240,360);
line(240,360,260,340);
fill(0);
ellipse(360,180,30,50);
ellipse(440,180,30,50);
fill(255);
ellipse(438,183,10,20);
ellipse(362,183,10,20);
noFill();
line(280,410,350,480);
line(350,480,380,490);
line(380,490,440,490);
line(440,490,490,460);
line(490,460,520,410);
line(230,330,80,280);
line(230,360,70,350);
line(230,390,80,420);
line(570,330,720,280);
line(570,360,730,350);
line(570,390,720,420);
