
void setup()
{
  size(1000,350);
  background(300,400,200);
  
  line(150,100,200,150);
  line(250,100,150,220);
  line(300,100,330,100);
  line(330,100,360,130);
  line(360,130,360,190);
  line(360,190,330,220);
  line(330,220,300,220);
  line(300,220,270,190);
  line(270,190,270,130);
  line(270,130,300,100);
  line(400,100,400,190);
  line(400,190,430,220);
  line(430,220,450,220);
  line(450,220,480,200);
  line(480,100,480,220);
  line(550,100,650,100);
  line(600,100,600,220);
  line(730,100,760,100);
  line(760,100,790,130);
  line(790,130,790,190);
  line(790,190,760,220);
  line(760,220,730,220);
  line(730,220,700,190);
  line(700,190,700,130);
  line(700,130,730,100);
}
